906155763
906155763
433329773
433329773
2093231863
2093231863
1830647443
1830647443
1190245805
1190245805
1157447950
1157447950
676500149
676500149
9292798
9292798
1406722020
1406722020
213522360
213522360
1641462589
1641462589
947939373
947939373
1851525064
1851525064
114512184
114512184
638185984
638185984
147203944
147203944
951063531
951063531
1792152034
1792152034
310618643
310618643
965287198
965287198
1797414951
1797414951
845926983
845926983
1872710020
1872710020
1296669364
1296669364
338510510
338510510
2037743069
2037743069
1968789840
1968789840
33832798
33832798
818420409
818420409
909503757
909503757
1599630519
1599630519
515907633
515907633
1730728287
1730728287
211440040
211440040
1762813150
1762813150
117655898
117655898
1687302192
1687302192
2129871634
2129871634
217858354
217858354
636130240
636130240
9231293
9231293
1504362
1504362
1415818107
1415818107
1994254129
1994254129
161151620
161151620
1470733273
1470733273
689685151
689685151
1667665373
1667665373
389051291
389051291
1636789988
1636789988
849802233
849802233
2001585899
2001585899
136222443
136222443
1804086390
1804086390
94280275
94280275
1759287259
1759287259
1493889610
1493889610
303996700
303996700
570700305
570700305
931950158
931950158
895383366
895383366
481319328
481319328
2807699
2807699
1134866951
1134866951
1790907114
1790907114
256813830
256813830
219880556
219880556
1408417629
1408417629
1171842188
1171842188
2057134522
2057134522
2121057307
209734833
209734833
849055736
849055736
787013231
787013231
1310132536
1310132536
251835547
251835547
1259334334
1259334334
310183816
310183816
438600934
438600934
1482496666
1482496666
1606495608
1606495608
1441675710
1441675710
1568782362
1568782362
1866012987
1866012987
1973827557
1973827557
845265284
845265284
979351517
979351517
1520186233
1520186233
65696951
65696951
2046637999
2046637999
907018881
907018881
138092945
138092945
1259584330
1259584330
1522312659
1522312659
2111858782
2111858782
614004539
614004539
904517221
904517221
789141431
789141431
904916524
904916524
216596954
216596954
