182326953
1675176456
1392296720
1501763443
328665652
1382022825
1195026267
1456165459
800872056
1002455257
1015861635
1554020162
250199821
718890979
460585497
1846365553
1243694188
1035495000
2114127163
470993703
1666186376
241541349
1276797834
928240049
314899232
921997444
142018075
470110304
263209593
55958907
441256262
188083096
560085944
1524701119
193217003
1806591377
404561658
598798365
1736178747
1490531817
381227736
1892199989
485687217
308859121
427970203
1420169520
498497020
1947488724
1625929422
409539336
645756949
1190759101
238247987
1991424537
1337825315
1217192254
2068499938
1594697390
957724318
157344919
1165323866
902755756
1497902225
1195345882
989009359
132904987
595561087
100107550
2131512186
448284871
1996300847
1728043902
1831874718
1974418455
359014602
1646220393
48187687
2092630555
169959225
2046376575
86162026
1252170214
299704022
1929890158
265016860
1366402178
1555511149
373595088
1634630465
122182286
1056458306
539763826
232874628
657996549
934795307
1612883972
589606763
1892120145
46610200
432450275
427970203
265016860
934795307
1736178747
404561658
539763826
1594697390
441256262
1056458306
1015861635
1666186376
1831874718
1002455257
498497020
55958907
589606763
1892199989
448284871
957724318
299704022
989009359
241541349
1846365553
100107550
595561087
1337825315
1996300847
2092630555
238247987
1195345882
1929890158
122182286
1490531817
1420169520
485687217
359014602
1634630465
132904987
188083096
308859121
1243694188
250199821
1974418455
1991424537
328665652
1625929422
598798365
1646220393
157344919
1892120145
470993703
1252170214
1190759101
46610200
1382022825
1035495000
1276797834
1195026267
2131512186
1728043902
182326953
409539336
193217003
1675176456
1612883972
2046376575
1366402178
1165323866
1806591377
1947488724
1497902225
460585497
381227736
657996549
86162026
432450275
1524701119
928240049
373595088
560085944
48187687
169959225
1217192254
470110304
902755756
2114127163
142018075
645756949
800872056
1501763443
921997444
232874628
2068499938
718890979
1554020162
263209593
1555511149
314899232
1392296720
